"","Date","High","Low","Mid","Last","Bid","Ask","Volume"
"1",2019-06-09,0.4119,0.3699,0.380615,0.38062,0.3806,0.38063,26749058.923341
"2",2019-06-08,0.4244,0.4045,0.41053,0.41028,0.4104,0.41066,13463714.166292
"3",2019-06-07,0.4332,0.41473,0.421535,0.42154,0.42153,0.42154,26216098.318474
"4",2019-06-06,0.4282,0.3912,0.418995,0.41906,0.41881,0.41918,29113639.004061
"5",2019-06-05,0.40726,0.38829,0.40094,0.40083,0.40089,0.40099,19416723.901894
"6",2019-06-04,0.43878,0.38377,0.39355,0.39342,0.39343,0.39367,59908506.752739
"7",2019-06-03,0.46582,0.42885,0.437565,0.43778,0.43753,0.4376,47714665.641232
"8",2019-06-02,0.44751,0.42537,0.443615,0.4437,0.44351,0.44372,27392800.378559
"9",2019-06-01,0.44093,0.41775,0.431935,0.43188,0.43187,0.432,27656498.394318
"10",2019-05-31,0.43533,0.407,0.43178,0.43203,0.43177,0.43179,26888267.638584
"11",2019-05-30,0.47478,0.4,0.42071,0.42087,0.42063,0.42079,93919063.036865
"12",2019-05-29,0.45877,0.42375,0.45087,0.45099,0.45076,0.45098,50324843.59285
"13",2019-05-28,0.46222,0.41842,0.451315,0.45131,0.45131,0.45132,60880101.157544
"14",2019-05-27,0.44889,0.40802,0.428855,0.42889,0.42882,0.42889,51087111.563589
"15",2019-05-26,0.41829,0.376,0.410015,0.41019,0.40985,0.41018,27033171.315994
"16",2019-05-25,0.39543,0.38113,0.387235,0.38749,0.38717,0.3873,13747364.185593
"17",2019-05-24,0.3956,0.372,0.389405,0.3895,0.38933,0.38948,27311843.979178
"18",2019-05-23,0.38397,0.35927,0.380275,0.38003,0.38012,0.38043,20586393.546107
"19",2019-05-22,0.4127,0.36621,0.377335,0.37734,0.37733,0.37734,37071017.677516
"20",2019-05-21,0.409,0.38852,0.399025,0.399,0.399,0.39905,24192478.496317
"21",2019-05-20,0.42766,0.3801,0.39639,0.3965,0.39635,0.39643,41938688.565173
"22",2019-05-19,0.42929,0.37,0.422995,0.4229,0.42272,0.42327,54199262.737985
"23",2019-05-18,0.39697,0.36423,0.375585,0.37561,0.37541,0.37576,28340574.54014
"24",2019-05-17,0.42265,0.36226,0.384805,0.38465,0.38466,0.38495,74991430.54364
"25",2019-05-16,0.47869,0.39536,0.417495,0.41749,0.41749,0.4175,108969428.36066
"26",2019-05-15,0.464,0.39167,0.46125,0.46049,0.4609,0.4616,108461566.83395
"27",2019-05-14,0.41992,0.31537,0.39776,0.39775,0.39768,0.39784,185015248.27572
"28",2019-05-13,0.32899,0.30803,0.324105,0.3241,0.3241,0.32411,28170438.848108
"29",2019-05-12,0.33595,0.30682,0.31083,0.31096,0.3107,0.31096,36201904.557809
"30",2019-05-11,0.3315,0.29708,0.328115,0.32816,0.32792,0.32831,38868479.381395
"31",2019-05-10,0.30576,0.2942,0.30091,0.30079,0.30082,0.301,11937808.820108
"32",2019-05-09,0.31239,0.29697,0.298015,0.29816,0.29787,0.29816,11042408.388289
"33",2019-05-08,0.31648,0.3075,0.310485,0.31023,0.31037,0.3106,8193049.2501982
"34",2019-05-07,0.32303,0.31274,0.314455,0.31427,0.31442,0.31449,8898532.5551066
"35",2019-05-06,0.32337,0.30926,0.319255,0.31911,0.31923,0.31928,8819158.0628019
"36",2019-05-05,0.31964,0.3122,0.31473,0.31473,0.31472,0.31474,4812681.0227823
"37",2019-05-04,0.33274,0.31091,0.317335,0.3174,0.31722,0.31745,13428275.837545
"38",2019-05-03,0.3267,0.31228,0.321135,0.32101,0.32097,0.3213,15986642.887775
"39",2019-05-02,0.322,0.31392,0.31556,0.31529,0.31542,0.3157,11514873.365428
"40",2019-05-01,0.32717,0.31366,0.31631,0.3161,0.31615,0.31647,11481638.142715
"41",2019-04-30,0.328,0.30458,0.325635,0.32563,0.32563,0.32564,19937587.69824
"42",2019-04-29,0.31257,0.29893,0.304855,0.3049,0.30482,0.30489,14785244.071164
"43",2019-04-28,0.31397,0.30404,0.30917,0.30909,0.30911,0.30923,10178861.753362
"44",2019-04-27,0.31097,0.30259,0.305285,0.30524,0.30528,0.30529,8245343.8104287
"45",2019-04-26,0.31149,0.28799,0.30719,0.3071,0.30709,0.30729,32155402.974708
"46",2019-04-25,0.3092,0.28248,0.29171,0.29173,0.29164,0.29178,27302324.450994
"47",2019-04-24,0.32347,0.28972,0.301725,0.30173,0.30172,0.30173,47399026.173931
"48",2019-04-23,0.33135,0.32101,0.322835,0.32268,0.32268,0.32299,16553156.268669
"49",2019-04-22,0.33427,0.32087,0.327435,0.3274,0.32743,0.32744,14165625.086561
"50",2019-04-21,0.33164,0.31859,0.323395,0.32339,0.32339,0.3234,13119158.05551
"51",2019-04-20,0.33694,0.32451,0.32899,0.32902,0.32896,0.32902,10465390.892323
"52",2019-04-19,0.33921,0.32902,0.333005,0.333,0.333,0.33301,11638486.800449
"53",2019-04-18,0.3499,0.33589,0.338935,0.33893,0.33893,0.33894,17738173.260448
"54",2019-04-17,0.34467,0.32302,0.33891,0.33909,0.33875,0.33907,39829245.413923
"55",2019-04-16,0.32732,0.31727,0.325485,0.32549,0.32548,0.32549,10997499.487683
"56",2019-04-15,0.33534,0.31232,0.318855,0.31886,0.31885,0.31886,19517638.179084
"57",2019-04-14,0.33414,0.32451,0.331415,0.33159,0.33124,0.33159,7390682.6942228
"58",2019-04-13,0.33953,0.32403,0.329655,0.32981,0.32961,0.3297,12647941.865819
"59",2019-04-12,0.33242,0.31795,0.327565,0.32774,0.3275,0.32763,16178400.131952
"60",2019-04-11,0.35418,0.32265,0.328305,0.32864,0.32822,0.32839,32720333.020825
"61",2019-04-10,0.36303,0.34006,0.35292,0.35295,0.3529,0.35294,33183905.896609
"62",2019-04-09,0.36231,0.35033,0.351005,0.351,0.351,0.35101,12335760.65209
"63",2019-04-08,0.3744,0.34992,0.361425,0.3615,0.36132,0.36153,30153115.873276
"64",2019-04-07,0.371,0.35472,0.367725,0.36751,0.36753,0.36792,21971197.441144
"65",2019-04-06,0.36992,0.3516,0.355725,0.3557,0.35572,0.35573,36898493.042593
"66",2019-04-05,0.38353,0.3324,0.367395,0.3674,0.36739,0.3674,75998254.040539
"67",2019-04-04,0.35148,0.32759,0.332485,0.33241,0.33248,0.33249,53115597.394534
"68",2019-04-03,0.375,0.34233,0.35217,0.35163,0.352,0.35234,86289531.829532
"69",2019-04-02,0.3564,0.3159,0.352345,0.3524,0.35229,0.3524,74379055.95042
"70",2019-04-01,0.31922,0.31223,0.31717,0.31718,0.31715,0.31719,10953356.263157
"71",2019-03-31,0.31706,0.31096,0.313595,0.31343,0.31359,0.3136,11005058.150429
"72",2019-03-30,0.32392,0.31252,0.31671,0.31694,0.31667,0.31675,19739452.447013
"73",2019-03-29,0.31579,0.30906,0.313005,0.313,0.313,0.31301,15783961.686595
"74",2019-03-28,0.31599,0.30886,0.310875,0.31088,0.31087,0.31088,10078698.746314
"75",2019-03-27,0.31496,0.30321,0.3122,0.31229,0.31219,0.31221,15425679.961316
"76",2019-03-26,0.30734,0.2985,0.303215,0.30321,0.30321,0.30322,12359306.162689
"77",2019-03-25,0.31265,0.30313,0.306185,0.30619,0.30618,0.30619,9843835.8571872
"78",2019-03-24,0.316,0.3074,0.311685,0.31167,0.31167,0.3117,9936515.0236092
"79",2019-03-23,0.3175,0.31339,0.315495,0.3155,0.31549,0.3155,4027277.6679682
"80",2019-03-22,0.31753,0.31179,0.31463,0.31464,0.31459,0.31467,7227870.0215874
"81",2019-03-21,0.326,0.30818,0.31509,0.31511,0.31508,0.3151,17334310.076495
"82",2019-03-20,0.32937,0.3177,0.32446,0.32407,0.32441,0.32451,14930407.385233
"83",2019-03-19,0.32376,0.31942,0.32294,0.32303,0.32291,0.32297,6270236.8394685
"84",2019-03-18,0.32666,0.31837,0.32036,0.3204,0.32032,0.3204,13939602.199796
"85",2019-03-17,0.32627,0.321,0.32284,0.32288,0.32281,0.32287,8268673.8854923
"86",2019-03-16,0.32977,0.32042,0.32625,0.32621,0.3262,0.3263,17572326.833374
"87",2019-03-15,0.32413,0.31657,0.321185,0.32119,0.32118,0.32119,13651401.182148
"88",2019-03-14,0.323,0.29521,0.316515,0.31649,0.31649,0.31654,22631023.444727
"89",2019-03-13,0.33265,0.31344,0.320105,0.32008,0.3201,0.32011,25860245.223988
"90",2019-03-12,0.31801,0.31127,0.317445,0.31744,0.31744,0.31745,12287753.02195
"91",2019-03-11,0.32076,0.31276,0.317445,0.31744,0.31744,0.31745,15881654.541595
"92",2019-03-10,0.32451,0.3145,0.320055,0.32009,0.32001,0.3201,11104111.23933
"93",2019-03-09,0.3249,0.31292,0.319945,0.3201,0.31979,0.3201,13210738.597687
"94",2019-03-08,0.3232,0.31015,0.31382,0.31381,0.31377,0.31387,15567967.421503
"95",2019-03-07,0.3268,0.31917,0.3204,0.3201,0.3203,0.3205,11376232.549855
"96",2019-03-06,0.32948,0.31683,0.32368,0.32372,0.32361,0.32375,19321077.088667
"97",2019-03-05,0.32556,0.30716,0.32252,0.32251,0.32251,0.32253,18467054.853061
"98",2019-03-04,0.31914,0.30457,0.309475,0.30954,0.30947,0.30948,16995862.292183
"99",2019-03-03,0.32299,0.31398,0.317325,0.31733,0.31732,0.31733,11101559.927813
"100",2019-03-02,0.3252,0.3168,0.32144,0.32124,0.32129,0.32159,13025697.368515
"101",2019-03-01,0.33192,0.3187,0.32316,0.32334,0.32304,0.32328,20044351.212111
"102",2019-02-28,0.32532,0.31412,0.32053,0.32051,0.3205,0.32056,24247133.763134
"103",2019-02-27,0.32723,0.30557,0.31752,0.31752,0.31751,0.31753,28843778.94819
"104",2019-02-26,0.34277,0.32024,0.32396,0.32396,0.32395,0.32397,31210247.284132
"105",2019-02-25,0.34744,0.30374,0.335495,0.33548,0.33549,0.3355,52726432.283205
"106",2019-02-23,0.34291,0.32402,0.340635,0.34063,0.34063,0.34064,25915783.895585
"107",2019-02-22,0.33111,0.32018,0.329485,0.32948,0.32948,0.32949,22706096.892293
"108",2019-02-21,0.34118,0.32277,0.32519,0.3252,0.32518,0.3252,23929634.365483
"109",2019-02-20,0.34216,0.32363,0.337555,0.33737,0.33741,0.3377,24960484.823134
"110",2019-02-19,0.35499,0.32564,0.329155,0.32901,0.32901,0.3293,54601599.649272
"111",2019-02-18,0.33753,0.30658,0.328395,0.3284,0.32839,0.3284,52489553.797773
"112",2019-02-17,0.315,0.30149,0.30791,0.30802,0.30778,0.30804,20441246.018545
"113",2019-02-16,0.3095,0.30459,0.305275,0.3053,0.30525,0.3053,8690721.5587463
"114",2019-02-15,0.31292,0.30338,0.30689,0.3069,0.30688,0.3069,12524225.277633
"115",2019-02-14,0.31157,0.30537,0.30646,0.30648,0.30642,0.3065,9247752.8628484
"116",2019-02-13,0.3189,0.30535,0.308895,0.30889,0.30889,0.3089,20506268.712969
"117",2019-02-12,0.31428,0.301,0.310345,0.31039,0.3103,0.31039,16931674.22193
"118",2019-02-11,0.31559,0.30601,0.30667,0.30675,0.30658,0.30676,11441402.680199
"119",2019-02-10,0.31731,0.30366,0.31505,0.31533,0.315,0.3151,14845340.405112
"120",2019-02-09,0.32144,0.31201,0.31762,0.3176,0.31759,0.31765,12869333.528845
"121",2019-02-08,0.3259,0.29266,0.31692,0.317,0.31684,0.317,35337120.121732
"122",2019-02-07,0.29896,0.29381,0.295115,0.29501,0.29501,0.29522,8709754.5627727
"123",2019-02-06,0.30462,0.291,0.293825,0.29382,0.29382,0.29383,16000243.564492
"124",2019-02-05,0.30604,0.29918,0.30315,0.30309,0.30309,0.30321,8760884.4610379
"125",2019-02-04,0.30939,0.29816,0.301415,0.30134,0.30134,0.30149,12593887.249758
"126",2019-02-03,0.31768,0.30115,0.305485,0.30567,0.30542,0.30555,18776527.187902
"127",2019-02-02,0.31884,0.30743,0.31802,0.31813,0.3179,0.31814,17690775.200699
"128",2019-02-01,0.31741,0.3008,0.31468,0.31469,0.31466,0.3147,25823391.436548
"129",2019-01-31,0.3428,0.30809,0.31476,0.31473,0.31473,0.31479,49003110.849687
"130",2019-01-30,0.33298,0.28955,0.32758,0.32757,0.32756,0.3276,49155222.097927
"131",2019-01-29,0.2997,0.28524,0.29293,0.29241,0.29292,0.29294,17667904.363415
"132",2019-01-28,0.31159,0.28625,0.29805,0.2981,0.298,0.2981,31066222.546688
"133",2019-01-27,0.31919,0.30688,0.31058,0.31057,0.31057,0.31059,13230474.940226
"134",2019-01-26,0.32529,0.3185,0.318745,0.31874,0.31874,0.31875,8506166.8017625
"135",2019-01-25,0.32467,0.31445,0.31955,0.31953,0.31952,0.31958,8885636.5149668
"136",2019-01-24,0.32612,0.318,0.322655,0.32286,0.32261,0.3227,10395812.02173
"137",2019-01-23,0.32586,0.318,0.32011,0.32015,0.32007,0.32015,8873624.7335164
"138",2019-01-22,0.32708,0.31,0.323495,0.3235,0.32349,0.3235,18974297.179245
"139",2019-01-21,0.3271,0.31726,0.321935,0.32194,0.32193,0.32194,10887449.41124
"140",2019-01-20,0.33797,0.31545,0.32136,0.3214,0.32131,0.32141,22738334.969931
"141",2019-01-19,0.34994,0.32758,0.335345,0.3353,0.3353,0.33539,26634615.494523
"142",2019-01-18,0.33513,0.32366,0.3275,0.32757,0.32743,0.32757,12100748.444501
"143",2019-01-17,0.33788,0.3265,0.334495,0.33444,0.33443,0.33456,16419646.293311
"144",2019-01-16,0.34188,0.3289,0.333585,0.3335,0.3335,0.33367,13950959.170887
"145",2019-01-15,0.34312,0.32623,0.331265,0.33146,0.33119,0.33134,17893120.752748
"146",2019-01-14,0.34788,0.32121,0.339985,0.33999,0.33998,0.33999,27425261.659195
"147",2019-01-13,0.341,0.31819,0.320855,0.321,0.32082,0.32089,20706870.995843
"148",2019-01-12,0.341,0.3322,0.335675,0.33568,0.33567,0.33568,9808628.5371462
"149",2019-01-11,0.34495,0.33018,0.33495,0.3349,0.3349,0.335,16066973.532907
"150",2019-01-09,0.3799,0.36361,0.376925,0.37679,0.37692,0.37693,26139400.261617
"151",2019-01-07,0.38608,0.36812,0.372195,0.3722,0.37219,0.3722,17250639.300823
"152",2019-01-06,0.38498,0.35442,0.37701,0.37708,0.37674,0.37728,34504904.771423
"153",2019-01-05,0.37823,0.35014,0.361415,0.3614,0.3614,0.36143,28677150.416533
"154",2019-01-04,0.37434,0.3584,0.36841,0.36859,0.36826,0.36856,20870788.755322
"155",2019-01-02,0.39307,0.36967,0.388315,0.38862,0.38823,0.3884,26602430.162091
"156",2019-01-01,0.3773,0.35778,0.375355,0.37525,0.37525,0.37546,23654330.992799
"157",2018-12-31,0.38961,0.35616,0.359945,0.35971,0.3599,0.35999,42807307.010935
"158",2018-12-30,0.38268,0.36847,0.381245,0.38124,0.38124,0.38125,23418251.060127
"159",2018-12-29,0.39958,0.37041,0.372435,0.37266,0.37243,0.37244,37833998.39687
"160",2018-12-28,0.3959,0.34288,0.386365,0.38636,0.38636,0.38637,46098918.824986
"161",2018-12-27,0.38989,0.33872,0.345925,0.346,0.3459,0.34595,30303090.860249
"162",2018-12-26,0.40503,0.36613,0.38804,0.38833,0.38801,0.38807,42534983.308536
"163",2018-12-25,0.41709,0.37347,0.39063,0.39077,0.39062,0.39064,54312709.94627
"164",2018-12-24,0.46669,0.3797,0.41506,0.41518,0.41493,0.41519,123011185.04553
"165",2018-12-23,0.39652,0.37056,0.37905,0.37903,0.37901,0.37909,40569103.366491
"166",2018-12-22,0.37694,0.35534,0.373075,0.37304,0.37301,0.37314,27616636.36647
"167",2018-12-21,0.39865,0.36,0.366945,0.36689,0.36692,0.36697,51957504.908016
"168",2018-12-20,0.40181,0.353,0.38722,0.38741,0.38704,0.3874,72713209.365663
"169",2018-12-19,0.4062,0.35343,0.36033,0.36,0.36004,0.36062,91827116.944622
"170",2018-12-18,0.35996,0.33151,0.358695,0.35889,0.35856,0.35883,51183579.507541
"171",2018-12-17,0.34895,0.29073,0.336765,0.33662,0.33672,0.33681,52807180.544868
"172",2018-12-16,0.30484,0.29031,0.292645,0.2926,0.2925,0.29279,20898930.846049
"173",2018-12-15,0.29717,0.28534,0.291,0.29076,0.2908,0.2912,15504534.500581
"174",2018-12-14,0.30549,0.28804,0.292985,0.29298,0.29298,0.29299,27871854.78274
"175",2018-12-13,0.31386,0.30032,0.303565,0.30357,0.30356,0.30357,20635095.823011
"176",2018-12-12,0.31858,0.30195,0.31179,0.31179,0.31178,0.3118,19848742.993286
"177",2018-12-11,0.31901,0.299,0.303575,0.30358,0.30357,0.30358,22663266.2386
"178",2018-12-10,0.32178,0.3002,0.307705,0.30793,0.30751,0.3079,24902703.918091
"179",2018-12-09,0.3295,0.30476,0.317565,0.31747,0.31728,0.31785,29261947.899968
"180",2018-12-08,0.34078,0.29408,0.312985,0.31298,0.31298,0.31299,53806381.799216
"181",2018-12-07,0.3196,0.29225,0.304935,0.30477,0.30487,0.305,67962556.823187
"182",2018-12-06,0.34811,0.3065,0.310395,0.31094,0.30999,0.3108,61631187.785425
"183",2018-12-05,0.3558,0.33927,0.34125,0.3415,0.341,0.3415,45088139.012984
"184",2018-12-04,0.36851,0.34,0.352805,0.3528,0.3528,0.35281,40039721.784497
"185",2018-12-03,0.37252,0.34631,0.35084,0.35054,0.35054,0.35114,39653860.086196
"186",2018-12-02,0.38585,0.3666,0.37051,0.36996,0.37025,0.37077,31039858.912514
"187",2018-12-01,0.38305,0.3579,0.37777,0.37793,0.37762,0.37792,32891959.974272
"188",2018-11-30,0.38575,0.35517,0.364205,0.36414,0.36401,0.3644,49746298.842739
"189",2018-11-29,0.39845,0.3726,0.381085,0.38109,0.38108,0.38109,64145232.794846
"190",2018-11-28,0.40794,0.36606,0.39616,0.39578,0.39578,0.39654,73339119.158698
"191",2018-11-27,0.37922,0.3466,0.365635,0.36552,0.36552,0.36575,69638404.908587
"192",2018-11-25,0.39629,0.329,0.38375,0.38411,0.38344,0.38406,187488981.13606
"193",2018-11-24,0.42873,0.3687,0.38233,0.38242,0.38182,0.38284,88598567.318737
"194",2018-11-23,0.43417,0.39866,0.414265,0.41449,0.41415,0.41438,64584530.07932
"195",2018-11-22,0.4571,0.42856,0.431785,0.43166,0.43166,0.43191,26634897.488703
"196",2018-11-21,0.469,0.41803,0.45577,0.4557,0.45571,0.45583,66123348.487156
"197",2018-11-20,0.50888,0.41184,0.43865,0.43879,0.4384,0.4389,191410621.80796
"198",2018-11-19,0.5159,0.46618,0.487455,0.4878,0.48705,0.48786,141170348.22059
"199",2018-11-18,0.53127,0.49511,0.515535,0.51553,0.51553,0.51554,65724419.85636
"200",2018-11-17,0.5048,0.46994,0.496995,0.497,0.49699,0.497,40591269.201897
"201",2018-11-16,0.495,0.465,0.476825,0.47683,0.47682,0.47683,48730848.221899
"202",2018-11-15,0.49456,0.4326,0.49176,0.49165,0.49152,0.492,114771607.54876
"203",2018-11-14,0.52,0.4153,0.481705,0.48179,0.48162,0.48179,144181714.75623
"204",2018-11-12,0.5352,0.50519,0.52513,0.5251,0.52495,0.52531,42064744.088436
"205",2018-11-11,0.5121,0.49775,0.510395,0.51043,0.51036,0.51043,15301700.372865
"206",2018-11-10,0.51776,0.50316,0.509325,0.50952,0.50914,0.50951,14619293.2594
"207",2018-11-09,0.52163,0.49579,0.503815,0.50383,0.5038,0.50383,42001877.780868
"208",2018-11-08,0.5463,0.4935,0.49547,0.49544,0.49544,0.4955,69103925.469364
"209",2018-11-07,0.55544,0.52837,0.54016,0.53991,0.54011,0.54021,47457371.336926
"210",2018-11-06,0.57,0.50116,0.55164,0.55146,0.55138,0.5519,146437788.23385
"211",2018-11-05,0.49855,0.46412,0.498495,0.4985,0.49849,0.4985,59994752.004965
"212",2018-11-04,0.47854,0.44929,0.469085,0.4691,0.46908,0.46909,36615590.555636
"213",2018-11-03,0.46455,0.45525,0.45761,0.45732,0.45756,0.45766,13338046.469435
"214",2018-11-02,0.46792,0.4585,0.462745,0.46275,0.46274,0.46275,29453166.735773
"215",2018-11-01,0.46112,0.4501,0.459415,0.45937,0.45937,0.45946,18341293.10356
"216",2018-10-31,0.46127,0.43774,0.454645,0.45465,0.45463,0.45466,30213979.288136
"217",2018-10-30,0.45346,0.44388,0.445845,0.44555,0.44544,0.44625,20427484.59614
"218",2018-10-29,0.468,0.43513,0.445075,0.44516,0.445,0.44515,45817381.928146
"219",2018-10-27,0.4672,0.45655,0.460705,0.46095,0.46057,0.46084,20430617.046761
"220",2018-10-26,0.47075,0.45831,0.466385,0.46641,0.46638,0.46639,26420568.437707
"221",2018-10-25,0.47288,0.45745,0.466885,0.46726,0.46667,0.4671,35330995.074008
"222",2018-10-24,0.4781,0.46589,0.467145,0.46724,0.46706,0.46723,32163708.020207
"223",2018-10-22,0.46815,0.45538,0.460145,0.4604,0.46001,0.46028,20164724.022133
"224",2018-10-21,0.47809,0.46589,0.465965,0.46589,0.46589,0.46604,18227301.931178
"225",2018-10-20,0.47261,0.45617,0.469885,0.47,0.46977,0.47,20431025.842224
"226",2018-10-18,0.49438,0.45602,0.465925,0.466,0.46585,0.466,43095005.755395
"227",2018-10-17,0.4975,0.47139,0.484225,0.4841,0.48422,0.48423,54588992.558746
"228",2018-10-16,0.48815,0.45474,0.478835,0.47893,0.47873,0.47894,54727255.71999
"229",2018-10-15,0.525,0.39822,0.45954,0.45987,0.45922,0.45986,189905333.06572
"230",2018-10-14,0.43,0.42011,0.422755,0.423,0.42271,0.4228,26829581.278678
"231",2018-10-13,0.43163,0.41695,0.423155,0.4231,0.42291,0.4234,32037356.581975
"232",2018-10-12,0.44889,0.37763,0.422695,0.42269,0.42269,0.4227,138961472.8385
"233",2018-10-11,0.46722,0.38926,0.395205,0.39498,0.39499,0.39542,133279954.74317
"234",2018-10-10,0.48485,0.46208,0.464505,0.4645,0.4645,0.46451,35199106.06245
"235",2018-10-09,0.49534,0.46921,0.484435,0.48415,0.48443,0.48444,35587081.286776
"236",2018-10-08,0.50203,0.47313,0.4925,0.49232,0.49231,0.49269,63776692.902712
"237",2018-10-07,0.49091,0.46772,0.475285,0.47528,0.47528,0.47529,41573544.115923
"238",2018-10-06,0.52547,0.46998,0.482995,0.48307,0.48299,0.483,82339251.154298
"239",2018-10-05,0.533,0.51042,0.52056,0.5206,0.52052,0.5206,61727083.401212
"240",2018-10-04,0.5496,0.52213,0.532015,0.532,0.53191,0.53212,56220570.807238
"241",2018-10-03,0.53954,0.50673,0.524625,0.5245,0.5245,0.52475,105895656.93151
"242",2018-10-02,0.58132,0.53501,0.53904,0.53925,0.53883,0.53925,90664890.480353
"243",2018-10-01,0.60588,0.53117,0.579705,0.57971,0.5797,0.57971,180036294.67278
"244",2018-09-30,0.62435,0.55879,0.585155,0.58516,0.58515,0.58516,147183273.04167
"245",2018-09-28,0.55243,0.51227,0.538005,0.53784,0.53784,0.53817,100082338.1901
"246",2018-09-27,0.55571,0.50671,0.540695,0.54023,0.54029,0.5411,110510182.71972
"247",2018-09-26,0.57454,0.48367,0.51831,0.51841,0.51821,0.51841,356937679.40325
"248",2018-09-25,0.51145,0.4355,0.502325,0.50239,0.50226,0.50239,257029492.06886
"249",2018-09-24,0.58418,0.49591,0.502685,0.50277,0.50262,0.50275,133027285.98169
"250",2018-09-23,0.6,0.55567,0.57597,0.576,0.57575,0.57619,110012528.8388
"251",2018-09-22,0.627,0.49211,0.563465,0.56364,0.56329,0.56364,299193702.15514
"252",2018-09-21,0.79132,0.42604,0.583565,0.58358,0.58353,0.5836,760480626.34729
"253",2018-09-20,0.50297,0.3215,0.47067,0.47041,0.47034,0.471,273047565.01101
"254",2018-09-19,0.33563,0.31059,0.323065,0.32308,0.32306,0.32307,105168570.86855
"255",2018-09-18,0.33733,0.26886,0.322575,0.3226,0.32236,0.32279,147808793.54745
"256",2018-09-17,0.28355,0.26648,0.270905,0.2708,0.27081,0.271,35925452.966284
"257",2018-09-16,0.28235,0.27348,0.280995,0.28099,0.28099,0.281,15164068.781611
"258",2018-09-15,0.28505,0.27552,0.281335,0.28117,0.2812,0.28147,13800793.286349
"259",2018-09-14,0.28523,0.271,0.279775,0.27972,0.27971,0.27984,34957402.644793
"260",2018-09-13,0.2858,0.26724,0.2809,0.28095,0.28085,0.28095,41997045.477115
"261",2018-09-12,0.27386,0.25325,0.26886,0.26898,0.26874,0.26898,44246319.713496
"262",2018-09-11,0.275,0.25211,0.26486,0.26484,0.26484,0.26488,52986159.853234
"263",2018-09-10,0.28245,0.26,0.264225,0.26423,0.26422,0.26423,77819432.345201
"264",2018-09-09,0.291,0.27075,0.274815,0.27488,0.27475,0.27488,35615855.060686
"265",2018-09-08,0.29396,0.26857,0.275175,0.27525,0.2751,0.27525,28688872.235039
"266",2018-09-07,0.30447,0.28071,0.289545,0.28961,0.2895,0.28959,37375666.175977
"267",2018-09-06,0.30507,0.26698,0.30062,0.30055,0.30055,0.30069,73367134.816088
"268",2018-09-05,0.33352,0.2822,0.288325,0.28816,0.28818,0.28847,89072884.789738
"269",2018-09-04,0.34108,0.32771,0.331825,0.33183,0.33182,0.33183,44580649.339057
"270",2018-09-03,0.34427,0.33251,0.337175,0.33717,0.33717,0.33718,19052562.783694
"271",2018-09-02,0.34982,0.336,0.341525,0.3416,0.34146,0.34159,25432916.132071
"272",2018-09-01,0.354,0.33471,0.348315,0.34834,0.34829,0.34834,29104687.873941
"273",2018-08-31,0.34108,0.3273,0.335005,0.335,0.335,0.33501,25258192.851395
"274",2018-08-30,0.34682,0.323,0.333235,0.33328,0.33323,0.33324,38586925.718569
"275",2018-08-29,0.355,0.3381,0.347045,0.34705,0.34699,0.3471,45309342.808156
"276",2018-08-28,0.357,0.33221,0.351555,0.35156,0.35155,0.35156,67363837.569726
"277",2018-08-27,0.33127,0.32133,0.330675,0.33068,0.33067,0.33068,35633654.76442
"278",2018-08-26,0.32887,0.3181,0.321795,0.32179,0.32179,0.3218,12779905.209169
"279",2018-08-25,0.33241,0.32181,0.326475,0.32643,0.32643,0.32652,11659347.40775
"280",2018-08-24,0.33094,0.31541,0.328305,0.3283,0.3283,0.32831,36951178.525138
"281",2018-08-23,0.32948,0.31513,0.325185,0.32523,0.32514,0.32523,46868706.138049
"282",2018-08-22,0.35713,0.31027,0.318535,0.31853,0.31838,0.31869,63035856.332575
"283",2018-08-21,0.33831,0.31304,0.333995,0.3339,0.33391,0.33408,49924238.535114
"284",2018-08-20,0.35086,0.3211,0.324185,0.32442,0.32416,0.32421,47682452.25075
"285",2018-08-19,0.3522,0.318,0.343785,0.34381,0.34378,0.34379,52013553.96737
"286",2018-08-18,0.371,0.31315,0.325625,0.32551,0.3256,0.32565,78487650.193262
"287",2018-08-17,0.37418,0.28825,0.37024,0.37015,0.37015,0.37033,66248390.91468
"288",2018-08-16,0.30317,0.27558,0.291815,0.29189,0.2917,0.29193,38681199.518868
"289",2018-08-15,0.3021,0.26,0.28652,0.28661,0.2865,0.28654,60061216.255601
"290",2018-08-14,0.27957,0.24653,0.26509,0.26535,0.26498,0.2652,45855251.371194
"291",2018-08-13,0.30998,0.27087,0.27579,0.27578,0.27578,0.2758,35531993.495394
"292",2018-08-11,0.31979,0.288,0.309815,0.30979,0.30975,0.30988,55456571.137001
"293",2018-08-10,0.34839,0.31246,0.31602,0.31609,0.31595,0.31609,40901349.604597
"294",2018-08-09,0.35712,0.325,0.347495,0.3475,0.34749,0.3475,64363743.892978
"295",2018-08-08,0.37968,0.31921,0.329015,0.32901,0.32901,0.32902,101470411.06305
"296",2018-08-07,0.4157,0.37434,0.379045,0.37895,0.37889,0.3792,51101867.707505
"297",2018-08-06,0.43707,0.40649,0.406575,0.40657,0.40657,0.40658,23143924.292486
"298",2018-08-05,0.43744,0.42709,0.432895,0.4329,0.43289,0.4329,9816668.6236568
"299",2018-08-04,0.4452,0.42777,0.428595,0.4286,0.42859,0.4286,11422204.609468
"300",2018-08-03,0.446,0.42523,0.441845,0.4418,0.4418,0.44189,19751657.488503
"301",2018-08-02,0.44909,0.42995,0.432175,0.43217,0.43217,0.43218,12786091.695944
"302",2018-08-01,0.4631,0.42577,0.44161,0.44179,0.44137,0.44185,31732761.189862
"303",2018-07-31,0.4469,0.42713,0.43352,0.43371,0.43331,0.43373,14308240.685626
"304",2018-07-30,0.45656,0.43444,0.44599,0.44598,0.44598,0.446,16917487.948779
"305",2018-07-29,0.45927,0.45042,0.4524,0.4526,0.4523,0.4525,7844877.5772464
"306",2018-07-28,0.45872,0.44803,0.453695,0.45369,0.45369,0.4537,6905459.5378077
"307",2018-07-27,0.46044,0.44472,0.45849,0.45846,0.45827,0.45871,13290623.845513
"308",2018-07-26,0.47025,0.44869,0.449445,0.44972,0.44927,0.44962,16489732.536569
"309",2018-07-25,0.46893,0.45185,0.463925,0.46392,0.46392,0.46393,17472896.750193
"310",2018-07-24,0.47068,0.438,0.45938,0.4589,0.45935,0.45941,27988842.711411
"311",2018-07-23,0.4645,0.44173,0.445145,0.44526,0.44509,0.4452,18729605.667684
"312",2018-07-22,0.46302,0.44628,0.45053,0.45071,0.45041,0.45065,10486038.44654
"313",2018-07-21,0.45907,0.43415,0.453985,0.45388,0.45398,0.45399,10678861.39987
"314",2018-07-20,0.4783,0.4303,0.444615,0.4446,0.44461,0.44462,31431749.4026
"315",2018-07-19,0.49493,0.47141,0.47783,0.47785,0.47781,0.47785,20286796.585221
"316",2018-07-18,0.52467,0.476,0.48379,0.48379,0.48364,0.48394,34708990.423708
"317",2018-07-17,0.52,0.46882,0.509595,0.50978,0.50939,0.5098,34132654.317591
"318",2018-07-16,0.47586,0.44286,0.474975,0.475,0.47497,0.47498,24847530.544905
"319",2018-07-15,0.45021,0.43567,0.447455,0.4476,0.44733,0.44758,10508697.985335
"320",2018-07-14,0.44378,0.43186,0.437515,0.43752,0.43751,0.43752,7577815.3291397
"321",2018-07-13,0.44513,0.42416,0.434755,0.43477,0.43474,0.43477,17946602.713999
"322",2018-07-12,0.44929,0.42751,0.430575,0.43047,0.43047,0.43068,19207783.746507
"323",2018-07-11,0.45163,0.43856,0.448865,0.44892,0.44877,0.44896,16907517.094008
"324",2018-07-10,0.47939,0.44118,0.447375,0.44707,0.44712,0.44763,23099054.638365
"325",2018-07-09,0.48601,0.4712,0.47791,0.47782,0.47788,0.47794,13580164.729845
"326",2018-07-08,0.4895,0.47039,0.48619,0.48656,0.4861,0.48628,20607500.275365
"327",2018-07-07,0.47815,0.46408,0.47131,0.47117,0.47118,0.47144,10129889.415806
"328",2018-07-06,0.48149,0.45898,0.473155,0.4725,0.473,0.47331,17707581.716801
"329",2018-07-05,0.50472,0.4691,0.47668,0.47705,0.47648,0.47688,27610020.521818
"330",2018-07-04,0.50749,0.47473,0.49534,0.4951,0.49505,0.49563,22028130.763693
"331",2018-07-03,0.52,0.48501,0.486,0.48593,0.48592,0.48608,28315967.887738
"332",2018-07-02,0.4958,0.45258,0.49182,0.49183,0.49181,0.49183,27652286.145843
"333",2018-07-01,0.47032,0.44971,0.462545,0.4624,0.4624,0.46269,17107414.849202
"334",2018-06-30,0.48451,0.45259,0.457965,0.45797,0.45796,0.45797,28826455.163497
"335",2018-06-29,0.45772,0.424,0.45469,0.45439,0.4544,0.45498,27283216.042048
"336",2018-06-28,0.47587,0.445,0.45092,0.45046,0.45077,0.45107,17393057.741062
"337",2018-06-27,0.47255,0.44787,0.472105,0.47192,0.47192,0.47229,24632139.44472
"338",2018-06-26,0.48337,0.46303,0.46466,0.46491,0.46462,0.4647,12604553.396962
"339",2018-06-25,0.49199,0.47207,0.47884,0.47904,0.47869,0.47899,18606303.233111
"340",2018-06-24,0.49648,0.43849,0.477235,0.47746,0.47702,0.47745,43118211.020331
"341",2018-06-23,0.49605,0.47298,0.4874,0.48734,0.48734,0.48746,17954179.583794
"342",2018-06-22,0.53509,0.46902,0.48248,0.48265,0.48221,0.48275,52299114.322004
"343",2018-06-21,0.54965,0.53006,0.53501,0.53489,0.53489,0.53513,11301592.294359
"344",2018-06-20,0.55061,0.5224,0.53719,0.53734,0.53704,0.53734,18026100.332951
"345",2018-06-19,0.561,0.534,0.54659,0.54628,0.54645,0.54673,19620603.598833
"346",2018-06-18,0.55116,0.50374,0.539965,0.5401,0.53984,0.54009,34605101.721857
"347",2018-06-17,0.54112,0.5212,0.5285,0.52856,0.5284,0.5286,12328213.309189
"348",2018-06-16,0.53833,0.518,0.53668,0.5369,0.53646,0.5369,25049813.281933
"349",2018-06-15,0.56259,0.531,0.531625,0.5312,0.53121,0.53204,25593423.949704
"350",2018-06-14,0.56849,0.51884,0.550595,0.55061,0.55059,0.5506,44973183.78221
"351",2018-06-13,0.562,0.50374,0.526295,0.5261,0.52629,0.5263,47233231.176377
"352",2018-06-12,0.60066,0.54207,0.554005,0.55404,0.554,0.55401,33981744.668131
"353",2018-06-11,0.5916,0.55046,0.58535,0.58555,0.58515,0.58555,29199590.731698
"354",2018-06-10,0.66386,0.55284,0.55872,0.55844,0.55849,0.55895,59389672.315063
"355",2018-06-09,0.68015,0.66105,0.66387,0.6639,0.66385,0.66389,10024919.210899
"356",2018-06-08,0.67978,0.65865,0.674025,0.67386,0.67384,0.67421,17015536.347181
"357",2018-06-07,0.68883,0.66946,0.675445,0.67536,0.67536,0.67553,20853745.28037
"358",2018-06-06,0.6832,0.655,0.67284,0.67282,0.67277,0.67291,21938003.452776
"359",2018-06-05,0.68538,0.63221,0.67169,0.67167,0.67167,0.67171,32167025.379058
"360",2018-06-04,0.70503,0.63381,0.662415,0.66242,0.66241,0.66242,42665858.617294
"361",2018-06-03,0.6769,0.6381,0.66358,0.66344,0.66335,0.66381,31412173.774292
"362",2018-06-02,0.65279,0.61415,0.640455,0.64099,0.63994,0.64097,32237013.321019
"363",2018-06-01,0.61902,0.60377,0.6143,0.61453,0.6141,0.6145,22343306.090354
"364",2018-05-31,0.62142,0.58971,0.604185,0.60332,0.60383,0.60454,29690064.460216
"365",2018-05-30,0.62839,0.583,0.592375,0.59217,0.59218,0.59257,32927876.476802
"366",2018-05-29,0.60975,0.54403,0.593755,0.59379,0.59372,0.59379,46438879.558552
"367",2018-05-28,0.607,0.54535,0.552235,0.55346,0.55203,0.55244,45187833.822253
"368",2018-05-27,0.61249,0.59654,0.60427,0.60428,0.60426,0.60428,20608205.502799
"369",2018-05-26,0.62626,0.59567,0.60326,0.60338,0.60314,0.60338,19837273.079144
"370",2018-05-25,0.63382,0.59301,0.594275,0.5943,0.59395,0.5946,44566940.333309
"371",2018-05-24,0.63763,0.57501,0.624005,0.62434,0.62368,0.62433,54941868.138633
"372",2018-05-23,0.64703,0.5749,0.60439,0.60436,0.60437,0.60441,75781916.623586
"373",2018-05-22,0.67991,0.63646,0.63725,0.63701,0.63701,0.63749,24178486.705576
"374",2018-05-21,0.70309,0.66765,0.672935,0.67252,0.67258,0.67329,21161507.495406
"375",2018-05-20,0.7064,0.66728,0.695175,0.69517,0.69517,0.69518,25508593.828998
"376",2018-05-19,0.69117,0.65952,0.669395,0.66867,0.66907,0.66972,23420201.221384
"377",2018-05-18,0.68385,0.6454,0.673175,0.67392,0.67245,0.6739,42071721.009869
"378",2018-05-17,0.71222,0.64972,0.661985,0.66151,0.66151,0.66246,33838514.417285
"379",2018-05-16,0.7,0.657,0.69267,0.69319,0.69204,0.6933,31811905.384099
"380",2018-05-15,0.75,0.68051,0.683055,0.68357,0.68254,0.68357,39287538.426342
"381",2018-05-14,0.75,0.68597,0.72559,0.72685,0.72557,0.72561,68275213.346409
"382",2018-05-13,0.74787,0.66212,0.73507,0.73447,0.73481,0.73533,47131889.05315
"383",2018-05-12,0.71056,0.62655,0.684015,0.68418,0.684,0.68403,69549616.527793
"384",2018-05-11,0.76885,0.64619,0.678985,0.67907,0.6787,0.67927,135489701.90923
"385",2018-05-10,0.80471,0.766,0.76864,0.76859,0.76859,0.76869,34483607.916633
"386",2018-05-09,0.8185,0.75719,0.80001,0.79902,0.79977,0.80025,47939896.628562
"387",2018-05-08,0.8463,0.7905,0.80871,0.80879,0.80852,0.8089,34840580.852365
"388",2018-05-07,0.86782,0.796,0.81925,0.81968,0.81892,0.81958,47933517.81272
"389",2018-05-06,0.9187,0.84067,0.861545,0.86141,0.86154,0.86155,41940444.348299
"390",2018-05-05,0.931,0.8885,0.90538,0.90589,0.90487,0.90589,41186433.08726
"391",2018-05-04,0.9339,0.85806,0.89714,0.89716,0.89713,0.89715,70044625.246896
"392",2018-05-03,0.89472,0.8376,0.874655,0.87405,0.87426,0.87505,53328531.854792
"393",2018-05-02,0.86539,0.82415,0.865405,0.866,0.8652,0.86561,33399058.614345
"394",2018-05-01,0.84411,0.7812,0.829265,0.82897,0.82886,0.82967,44851060.418447
"395",2018-04-30,0.87679,0.81638,0.81981,0.81961,0.81962,0.82,38977519.041481
"396",2018-04-29,0.91,0.82367,0.869555,0.86989,0.86922,0.86989,48261967.42127
"397",2018-04-28,0.8894,0.8015,0.86303,0.86302,0.863,0.86306,50177449.252136
"398",2018-04-27,0.86248,0.80796,0.824675,0.82487,0.82449,0.82486,53692143.587548
"399",2018-04-26,0.843,0.76078,0.8404,0.84081,0.84009,0.84071,74071737.986642
"400",2018-04-25,0.94793,0.4901,0.814025,0.81406,0.81399,0.81406,148717697.98569
"401",2018-04-24,0.96663,0.86698,0.94213,0.94195,0.94199,0.94227,113287224.37197
"402",2018-04-23,0.88726,0.845,0.876055,0.87514,0.876,0.87611,52297318.525374
"403",2018-04-22,0.91624,0.83838,0.877725,0.8774,0.87743,0.87802,62592363.421292
"404",2018-04-21,0.928,0.807,0.857705,0.85724,0.85724,0.85817,111680728.08498
"405",2018-04-20,0.93679,0.75952,0.921095,0.92359,0.9203,0.92189,154331648.65374
"406",2018-04-19,0.77,0.7035,0.76269,0.76251,0.76218,0.7632,55568271.08754
"407",2018-04-18,0.73,0.65,0.71705,0.7171,0.717,0.7171,62878411.913783
"408",2018-04-17,0.682,0.65,0.6556,0.6551,0.65511,0.65609,38448416.82482
"409",2018-04-16,0.69549,0.63314,0.65568,0.65596,0.6555,0.65586,41611649.664732
"410",2018-04-15,0.69806,0.635,0.69146,0.69107,0.69107,0.69185,47475272.704681
"411",2018-04-14,0.673,0.6201,0.64716,0.6473,0.64702,0.6473,58760423.058712
"412",2018-04-13,0.70823,0.61223,0.64063,0.64101,0.64026,0.641,134032619.58285
"413",2018-04-12,0.66548,0.50229,0.6486,0.64998,0.64722,0.64998,152982252.54936
"414",2018-04-11,0.51,0.48509,0.509265,0.5093,0.50922,0.50931,21661901.222639
"415",2018-04-10,0.49359,0.47736,0.48818,0.488,0.488,0.48836,14915282.251321
"416",2018-04-09,0.51195,0.47323,0.481765,0.48148,0.48176,0.48177,33662467.21152
"417",2018-04-08,0.50366,0.48041,0.500705,0.5007,0.5007,0.50071,18025121.478562
"418",2018-04-07,0.4972,0.4633,0.48562,0.48599,0.48531,0.48593,26435751.056887
"419",2018-04-06,0.49607,0.458,0.467805,0.46765,0.46764,0.46797,29405776.272524
"420",2018-04-05,0.498,0.47382,0.49043,0.49032,0.49042,0.49044,39898250.454555
"421",2018-04-04,0.55411,0.485,0.48955,0.48958,0.48952,0.48958,51297610.459156
"422",2018-04-03,0.55,0.49002,0.53625,0.5365,0.5361,0.5364,59254217.03699
"423",2018-04-02,0.50439,0.4701,0.49032,0.49045,0.49019,0.49045,32017869.296426
"424",2018-04-01,0.50975,0.4541,0.47925,0.4795,0.479,0.4795,41478956.122964
"425",2018-03-31,0.522,0.48872,0.500965,0.50106,0.50063,0.5013,41135395.196905
"426",2018-03-30,0.52636,0.47,0.49148,0.49147,0.49147,0.49149,79847525.091165
"427",2018-03-29,0.57489,0.49696,0.520015,0.5203,0.51972,0.52031,60931712.844407
"428",2018-03-28,0.58903,0.56343,0.57413,0.57418,0.57407,0.57419,23149874.761972
"429",2018-03-27,0.60225,0.55601,0.579365,0.57936,0.57936,0.57937,38036081.005126
"430",2018-03-26,0.63976,0.575,0.598685,0.59835,0.59835,0.59902,45454443.070605
"431",2018-03-25,0.6547,0.6211,0.63768,0.63757,0.63757,0.63779,22558635.973738
"432",2018-03-24,0.678,0.62512,0.63614,0.63669,0.6357,0.63658,33972121.471231
"433",2018-03-23,0.65828,0.6126,0.62792,0.62767,0.62767,0.62817,39072613.342197
"434",2018-03-22,0.69021,0.61932,0.649105,0.64911,0.6491,0.64911,41795541.133348
"435",2018-03-21,0.7076,0.66138,0.672395,0.67225,0.67151,0.67328,46415349.48602
"436",2018-03-20,0.72512,0.65535,0.701855,0.70223,0.70148,0.70223,78092628.337061
"437",2018-03-19,0.7064,0.6262,0.68355,0.68362,0.6835,0.6836,80567362.954527
"438",2018-03-18,0.685,0.5367,0.646405,0.64443,0.64583,0.64698,106022856.96526
"439",2018-03-17,0.69336,0.61277,0.639185,0.63919,0.63918,0.63919,37469173.022227
"440",2018-03-16,0.70997,0.65739,0.688725,0.68911,0.6886,0.68885,51810834.89472
"441",2018-03-15,0.72436,0.62776,0.68393,0.68368,0.68366,0.6842,74138669.378488
"442",2018-03-14,0.79042,0.651,0.680675,0.68063,0.68063,0.68072,46736052.225053
"443",2018-03-13,0.7985,0.7612,0.7752,0.77561,0.77479,0.77561,24863449.824744
"444",2018-03-12,0.82786,0.76417,0.784495,0.78449,0.78449,0.7845,32558307.12365
"445",2018-03-11,0.83012,0.74765,0.81357,0.81352,0.81352,0.81362,47685845.108035
"446",2018-03-10,0.84134,0.7656,0.77774,0.77729,0.77727,0.77821,37840953.121377
"447",2018-03-09,0.84157,0.7309,0.83133,0.83089,0.83073,0.83193,88916673.712203
"448",2018-03-08,0.87083,0.78911,0.807995,0.808,0.80799,0.808,49377275.273367
"449",2018-03-07,0.91365,0.78579,0.85012,0.85049,0.84976,0.85048,90501453.347614
"450",2018-03-06,0.97944,0.8863,0.902195,0.90219,0.90219,0.9022,81407060.694929
"451",2018-03-05,1.086,0.9415,0.94443,0.9431,0.94411,0.94475,139291419.07971
"452",2018-03-04,1.0312,0.88012,0.998355,0.99835,0.99835,0.99836,66014925.737842
"453",2018-03-03,0.92306,0.88884,0.89822,0.89775,0.89778,0.89866,23998858.050313
"454",2018-03-02,0.92138,0.88509,0.89758,0.89728,0.8974,0.89776,17516042.136658
"455",2018-03-01,0.94837,0.87207,0.9159,0.91643,0.91522,0.91658,31506513.175685
"456",2018-02-28,0.94605,0.88,0.883065,0.88264,0.88265,0.88348,27565081.109216
"457",2018-02-27,0.95816,0.91623,0.93112,0.93125,0.931,0.93124,27053746.707602
"458",2018-02-26,0.94187,0.8727,0.925615,0.92602,0.92521,0.92602,34908234.406337
"459",2018-02-25,0.92399,0.87607,0.90019,0.9,0.9,0.90038,24396099.9304
"460",2018-02-24,0.96694,0.86862,0.90207,0.90247,0.90167,0.90247,35666950.351338
"461",2018-02-23,0.98249,0.8501,0.944205,0.94406,0.94379,0.94462,58072544.471975
"462",2018-02-22,0.998,0.8611,0.8933,0.8939,0.8924,0.8942,70044826.376251
"463",2018-02-21,1.0376,0.935,0.951335,0.95162,0.9509,0.95177,67630858.585256
"464",2018-02-20,1.135,1.0081,1.02105,1.0212,1.0207,1.0214,50880180.346108
"465",2018-02-19,1.1326,1.0627,1.1079,1.1081,1.1073,1.1085,29945614.984705
"466",2018-02-18,1.1799,1.0366,1.07685,1.077,1.0768,1.0769,61745936.345155
"467",2018-02-17,1.2046,1.101,1.17295,1.1729,1.1729,1.173,66185571.820242
"468",2018-02-16,1.1175,1.0617,1.11005,1.1104,1.11,1.1101,48969190.845688
"469",2018-02-15,1.1434,1.0675,1.1139,1.1138,1.1137,1.1141,85593955.10378
"470",2018-02-14,1.155,0.97652,1.1277,1.127,1.1271,1.1283,104030919.75098
"471",2018-02-13,1.0483,0.9618,0.985895,0.98589,0.98589,0.9859,67079229.725224
"472",2018-02-12,1.0783,0.9515,1.0413,1.0406,1.0405,1.0421,116248497.69377
"473",2018-02-11,1.0399,0.891,0.96287,0.961,0.96244,0.9633,161366900.14883
"474",2018-02-10,1.2276,0.90531,1.0342,1.0345,1.0339,1.0345,313769534.50191
"475",2018-02-09,0.9288,0.73574,0.909415,0.909,0.90863,0.9102,131302364.01928
"476",2018-02-08,0.78987,0.7081,0.779795,0.78099,0.77915,0.78044,84380484.925438
"477",2018-02-07,0.80606,0.6923,0.718595,0.71839,0.71839,0.7188,111278925.36711
"478",2018-02-06,0.777,0.5729,0.76626,0.7666,0.76594,0.76658,246247967.28038
"479",2018-02-05,0.8343,0.63702,0.676985,0.67574,0.67658,0.67739,191952381.52316
"480",2018-02-04,0.96879,0.775,0.82215,0.8217,0.8217,0.8226,123796594.21299
"481",2018-02-03,1.0207,0.77802,0.952625,0.95112,0.95122,0.95403,159603833.54283
"482",2018-02-02,0.9685,0.671,0.891705,0.89171,0.8917,0.89171,314853043.40838
"483",2018-02-01,1.146,0.90946,0.968245,0.97,0.96749,0.969,114076291.50453
"484",2018-01-31,1.1528,1.0234,1.12695,1.1275,1.1269,1.127,68250519.873101
"485",2018-01-30,1.2738,1.0792,1.09965,1.099,1.099,1.1003,80078469.480943
"486",2018-01-29,1.3763,1.25,1.2688,1.2692,1.2684,1.2692,46663812.208707
"487",2018-01-28,1.406,1.2113,1.37305,1.3732,1.3729,1.3732,57925689.879488
"488",2018-01-27,1.249,1.169,1.21175,1.2132,1.2113,1.2122,47777682.763487
"489",2018-01-26,1.32,1.1032,1.21235,1.213,1.2118,1.2129,97178269.840898
"490",2018-01-25,1.3772,1.2713,1.30165,1.3034,1.3006,1.3027,55066890.743088
"491",2018-01-24,1.439,1.1738,1.3299,1.33,1.3298,1.33,162534798.33934
"492",2018-01-23,1.4122,1.1223,1.3421,1.3417,1.3418,1.3424,155552843.75727
"493",2018-01-22,1.5597,1.301,1.3632,1.3619,1.3619,1.3645,123814752.91559
"494",2018-01-21,1.62,1.465,1.5583,1.5574,1.557,1.5596,80559048.176618
"495",2018-01-20,1.6759,1.45,1.53405,1.534,1.534,1.5341,134345479.54046
"496",2018-01-19,1.719,1.213,1.53325,1.5316,1.5316,1.5349,299874616.63585
"497",2018-01-18,1.3783,0.85,1.3035,1.3041,1.3029,1.3041,397259713.30625
"498",2018-01-17,1.6798,0.85,1.14135,1.141,1.1385,1.1442,381882116.74545
"499",2018-01-16,1.877,1.615,1.66095,1.6599,1.66,1.6619,50372369.619053
"500",2018-01-15,1.9879,1.73,1.8202,1.8194,1.8193,1.8211,54686994.530499
"501",2018-01-14,2.091,1.9461,1.9861,1.9849,1.9849,1.9873,53046885.106589
"502",2018-01-13,2.15,1.785,2.0128,2.013,2.0125,2.0131,130708402.80402
"503",2018-01-12,2.25,1.53,1.924,1.923,1.923,1.925,275953796.97169
"504",2018-01-11,2.121,1.61,1.95235,1.9498,1.9523,1.9524,210205994.29222
"505",2018-01-10,2.4893,1.9,2.0778,2.0794,2.0776,2.078,120499329.09382
"506",2018-01-09,2.7604,1.91,2.38485,2.3832,2.3848,2.3849,138361842.49803
"507",2018-01-08,2.8099,2.5597,2.7581,2.7604,2.7558,2.7604,50996393.641586
"508",2018-01-07,2.85,2.4463,2.6477,2.65,2.6472,2.6482,78938772.798158
"509",2018-01-06,3.059,2.2273,2.5057,2.5066,2.5048,2.5066,201951426.81575
"510",2018-01-05,3.3,2.606,2.75365,2.7535,2.7535,2.7538,276938282.95408
"511",2018-01-04,2.8599,2.1352,2.73065,2.7311,2.7301,2.7312,209510608.78364
"512",2018-01-03,2.2158,1.841,2.18615,2.1846,2.1849,2.1874,98985899.38331
"513",2018-01-02,2.1,1.802,2.0462,2.0448,2.0448,2.0476,57686981.152714
"514",2018-01-01,2.089,1.6033,1.96455,1.9656,1.9638,1.9653,141696534.10683
"515",2017-12-22,1.14,0.71074,1.12035,1.1194,1.12,1.1207,459677799.48968
"516",2017-12-21,0.74,0.64468,0.712995,0.71395,0.71201,0.71398,128230996.54747
"517",2017-12-20,0.84111,0.70097,0.728645,0.729,0.72823,0.72906,177411590.30502
"518",2017-12-19,0.7933,0.6353,0.75441,0.75624,0.75311,0.75571,159141652.39565
"519",2017-12-18,0.755,0.69522,0.710135,0.70932,0.70932,0.71095,79951183.56846
"520",2017-12-17,0.815,0.707,0.739295,0.73956,0.73903,0.73956,163596235.05921
"521",2017-12-16,0.865,0.6122,0.735645,0.73589,0.7354,0.73589,388896187.42081
"522",2017-12-15,0.89882,0.451,0.859925,0.86,0.85989,0.85996,691285505.71935
"523",2017-12-14,0.59999,0.35169,0.457045,0.45669,0.4567,0.45739,476678662.76652
"524",2017-12-12,0.24906,0.228,0.248175,0.24821,0.24814,0.24821,52028813.206372
"525",2017-12-11,0.2378,0.22108,0.22828,0.22798,0.22799,0.22857,59973678.639411
"526",2017-12-10,0.24539,0.22923,0.235345,0.23586,0.23484,0.23585,74468096.448566
"527",2017-12-09,0.25692,0.20056,0.233895,0.23401,0.23353,0.23426,175486033.39719
"528",2017-12-08,0.2191,0.197,0.20628,0.20565,0.20569,0.20687,78005999.305528
"529",2017-12-07,0.2351,0.20876,0.21536,0.21481,0.2149,0.21582,88122743.410406
"530",2017-12-06,0.24671,0.22557,0.231865,0.2321,0.23163,0.2321,65009743.763861
"531",2017-12-05,0.24873,0.233,0.24639,0.24647,0.24636,0.24642,41848361.705206
"532",2017-12-04,0.2596,0.23103,0.24494,0.24489,0.24489,0.24499,49977537.985345
"533",2017-12-03,0.2502,0.23938,0.243895,0.24399,0.24379,0.244,30682423.784532
"534",2017-12-02,0.2545,0.22451,0.24827,0.24827,0.24825,0.24829,47928920.692553
"535",2017-12-01,0.24682,0.21571,0.23489,0.23487,0.23488,0.2349,62878453.085745
"536",2017-11-30,0.2798,0.197,0.235355,0.2357,0.23501,0.2357,131733671.18801
"537",2017-11-29,0.28127,0.24636,0.279405,0.27949,0.27857,0.28024,121914420.27077
"538",2017-11-28,0.25186,0.24,0.246765,0.24719,0.24634,0.24719,49129937.237424
"539",2017-11-27,0.25049,0.242,0.24545,0.2454,0.2454,0.2455,31086437.249618
"540",2017-11-25,0.24472,0.22961,0.24075,0.2406,0.2406,0.2409,58792689.704444
"541",2017-11-24,0.25109,0.2354,0.23871,0.23878,0.23864,0.23878,62251033.91502
"542",2017-11-23,0.2424,0.23158,0.23833,0.23849,0.23817,0.23849,39369285.662123
"543",2017-11-22,0.24501,0.22418,0.232075,0.232,0.232,0.23215,49973982.454802
"544",2017-11-21,0.247,0.23118,0.241085,0.24098,0.24099,0.24118,50580509.331159
"545",2017-11-20,0.23875,0.22375,0.232705,0.23264,0.2325,0.23291,41774017.787053
"546",2017-11-19,0.23019,0.21852,0.227535,0.22742,0.22742,0.22765,33381708.23954
"547",2017-11-18,0.2436,0.21662,0.224045,0.22379,0.2239,0.22419,83501532.80137
"548",2017-11-17,0.2815,0.20574,0.22653,0.2267,0.22636,0.2267,265344552.46852
"549",2017-11-16,0.21023,0.20301,0.2086,0.20867,0.2085,0.2087,25973964.709812
"550",2017-11-15,0.211,0.1989,0.204765,0.20465,0.20443,0.2051,26331471.36799
"551",2017-11-14,0.2,0.18932,0.199995,0.2,0.19999,0.2,36473244.304075
"552",2017-11-13,0.20876,0.18706,0.190355,0.19001,0.1901,0.19061,92699873.058866
"553",2017-11-12,0.215,0.2015,0.20842,0.20894,0.2079,0.20894,32725605.711265
"554",2017-11-11,0.21853,0.19801,0.202935,0.20295,0.20292,0.20295,35545540.197305
"555",2017-11-10,0.222,0.212,0.216335,0.21628,0.2163,0.21637,32840663.415552
"556",2017-11-09,0.22417,0.20233,0.21721,0.21747,0.21695,0.21747,41518964.593976
"557",2017-11-08,0.2065,0.199,0.205425,0.2052,0.2052,0.20565,16885767.865372
"558",2017-11-07,0.20713,0.19782,0.20143,0.20189,0.20098,0.20188,20405025.864678
"559",2017-11-05,0.20342,0.19811,0.199925,0.19994,0.19991,0.19994,11842878.857438
"560",2017-11-04,0.2098,0.19924,0.20225,0.20281,0.20172,0.20278,13065004.711487
"561",2017-11-03,0.2288,0.188,0.207885,0.20778,0.20778,0.20799,63425064.73625
"562",2017-11-02,0.19905,0.17421,0.19322,0.19324,0.1932,0.19324,36524075.493384
"563",2017-11-01,0.20055,0.1901,0.191385,0.19164,0.19103,0.19174,16972347.051357
"564",2017-10-31,0.20345,0.19852,0.199235,0.19923,0.19923,0.19924,8636565.6743444
"565",2017-10-30,0.205,0.19996,0.20166,0.20179,0.20154,0.20178,10049715.002796
"566",2017-10-29,0.20659,0.1961,0.2025,0.20275,0.20225,0.20275,13005856.650956
"567",2017-10-28,0.2008,0.19671,0.19846,0.19832,0.19832,0.1986,6181380.0925447
"568",2017-10-27,0.2028,0.19766,0.200475,0.2008,0.20016,0.20079,7791206.5410104
"569",2017-10-26,0.2048,0.1986,0.20163,0.20127,0.20127,0.20199,12314104.650708
"570",2017-10-25,0.20647,0.19562,0.202265,0.2022,0.2022,0.20233,46984438.764008
"571",2017-10-24,0.21697,0.18289,0.206085,0.20591,0.20591,0.20626,85491154.988395
"572",2017-10-23,0.202,0.1823,0.19245,0.1925,0.1924,0.1925,28976677.708807
"573",2017-10-22,0.21215,0.19449,0.200475,0.2005,0.2003,0.20065,39084653.728493
"574",2017-10-21,0.21098,0.197,0.20623,0.20608,0.20608,0.20638,32286721.089024
"575",2017-10-20,0.2234,0.20502,0.206655,0.2067,0.20661,0.2067,51369326.476117
"576",2017-10-19,0.2327,0.206,0.213465,0.2135,0.2132,0.21373,67435631.867739
"577",2017-10-18,0.23454,0.19964,0.216895,0.21699,0.2168,0.21699,74549031.158912
"578",2017-10-17,0.2659,0.21,0.22505,0.2254,0.2247,0.2254,92090023.102841
"579",2017-10-16,0.3,0.25152,0.259945,0.25999,0.2599,0.25999,151067344.66781
"580",2017-10-15,0.27,0.24701,0.261845,0.262,0.26141,0.26228,51466195.742829
"581",2017-10-14,0.2692,0.254,0.258705,0.25874,0.2587,0.25871,73385002.581889
"582",2017-10-13,0.2657,0.23231,0.25769,0.25778,0.2576,0.25778,74485234.743491
"583",2017-10-12,0.26539,0.24559,0.253175,0.2524,0.25293,0.25342,47088684.674648
"584",2017-10-11,0.26589,0.2546,0.26204,0.2627,0.2619,0.26218,35086908.942164
"585",2017-10-10,0.267,0.2415,0.257695,0.25769,0.25769,0.2577,47782437.476741
"586",2017-10-09,0.28198,0.23325,0.246235,0.24628,0.24619,0.24628,85917895.865377
"587",2017-10-08,0.284,0.23847,0.276465,0.27637,0.27638,0.27655,66371849.919819
"588",2017-10-07,0.24098,0.2323,0.240865,0.24097,0.24076,0.24097,19997975.487586
"589",2017-10-06,0.24472,0.23169,0.235075,0.235,0.23505,0.2351,46353092.390307
"590",2017-10-05,0.24462,0.21137,0.239195,0.2387,0.2387,0.23969,68758555.046313
"591",2017-10-04,0.2166,0.20093,0.21239,0.21194,0.21207,0.21271,22479709.819951
"592",2017-10-03,0.206,0.19722,0.202405,0.2024,0.2024,0.20241,8068704.480522
"593",2017-10-02,0.20977,0.2,0.203655,0.20458,0.20361,0.2037,12583799.189858
"594",2017-10-01,0.20325,0.19573,0.20242,0.20269,0.20215,0.20269,6962403.8301684
"595",2017-09-30,0.20586,0.19436,0.1996,0.19913,0.19913,0.20007,18694503.654843
"596",2017-09-29,0.2052,0.18746,0.1967,0.19625,0.1964,0.197,15718566.270905
"597",2017-09-28,0.2112,0.19608,0.20286,0.20235,0.20235,0.20337,21160900.283428
"598",2017-09-27,0.21497,0.18716,0.210195,0.21,0.21,0.21039,29149105.306859
"599",2017-09-26,0.19698,0.17977,0.192785,0.19294,0.19262,0.19295,16360496.736591
"600",2017-09-25,0.187,0.17389,0.185635,0.1855,0.18535,0.18592,7186307.4606029
"601",2017-09-24,0.1799,0.1731,0.17655,0.17591,0.17635,0.17675,4475751.7938934
"602",2017-09-23,0.1807,0.16938,0.17733,0.17739,0.17726,0.1774,8387170.5674723
"603",2017-09-22,0.17709,0.1665,0.1722,0.17137,0.17197,0.17243,6235339.7940353
"604",2017-09-21,0.18524,0.16873,0.17171,0.17194,0.17148,0.17194,10516130.885025
"605",2017-09-20,0.18987,0.18047,0.18408,0.184,0.18401,0.18415,6951905.1339875
"606",2017-09-19,0.19477,0.18201,0.18451,0.1843,0.1843,0.18472,10987748.100589
"607",2017-09-18,0.19427,0.18001,0.19289,0.19335,0.1926,0.19318,14868173.650233
"608",2017-09-17,0.18454,0.17131,0.18169,0.182,0.18138,0.182,5714945.4302057
"609",2017-09-16,0.192,0.17303,0.18292,0.18235,0.18245,0.18339,10752021.307502
"610",2017-09-15,0.19199,0.14765,0.185995,0.18659,0.18541,0.18658,23033706.29727
"611",2017-09-14,0.20209,0.16612,0.17406,0.17381,0.17341,0.17471,17151594.396816
"612",2017-09-13,0.21058,0.19066,0.200855,0.20051,0.20022,0.20149,9181584.4214859
"613",2017-09-12,0.224,0.2052,0.21072,0.21074,0.2107,0.21074,10328345.674751
"614",2017-09-11,0.22184,0.20799,0.217645,0.21779,0.2174,0.21789,10066692.073989
"615",2017-09-10,0.2243,0.19699,0.217475,0.218,0.21695,0.218,8667336.3296898
"616",2017-09-09,0.21409,0.20617,0.21348,0.21234,0.21297,0.21399,4206937.6813457
"617",2017-09-08,0.22928,0.20134,0.2107,0.211,0.21043,0.21097,11914222.123596
"618",2017-09-07,0.23289,0.22039,0.228545,0.22859,0.2285,0.22859,8678580.0067757
"619",2017-09-06,0.23057,0.21458,0.23034,0.23049,0.2303,0.23038,11058195.89246
"620",2017-09-05,0.21735,0.18862,0.21492,0.21566,0.21418,0.21566,14035909.93929
"621",2017-09-04,0.23043,0.1886,0.20786,0.207,0.20703,0.20869,20817999.438974
"622",2017-09-03,0.238,0.21067,0.228615,0.22925,0.22803,0.2292,13224674.756181
"623",2017-09-02,0.2542,0.21811,0.22166,0.22119,0.2212,0.22212,19369052.227262
"624",2017-09-01,0.26526,0.241,0.25398,0.2538,0.2538,0.25416,20766179.747553
"625",2017-08-31,0.2589,0.2271,0.25832,0.25856,0.25808,0.25856,18735081.676587
"626",2017-08-30,0.23326,0.21602,0.2289,0.2288,0.2288,0.229,15626447.378092
"627",2017-08-29,0.22692,0.21206,0.21851,0.21807,0.21808,0.21894,24207523.067765
"628",2017-08-28,0.2425,0.194,0.2259,0.2257,0.2257,0.2261,43603789.833724
"629",2017-08-27,0.21148,0.192,0.201685,0.20239,0.20111,0.20226,14010021.044982
"630",2017-08-26,0.23087,0.2056,0.21085,0.2115,0.21071,0.21099,13993493.141032
"631",2017-08-25,0.23089,0.201,0.21661,0.21699,0.21623,0.21699,36232904.70424
"632",2017-08-24,0.28769,0.21124,0.217025,0.21799,0.21608,0.21797,59281801.661477
"633",2017-08-23,0.2999,0.2135,0.263215,0.26333,0.2631,0.26333,95048149.147527
"634",2017-08-22,0.26104,0.1701,0.235795,0.2358,0.23579,0.2358,84912342.311459
"635",2017-08-21,0.1983,0.1518,0.197605,0.198,0.19721,0.198,28800845.790545
"636",2017-08-20,0.16158,0.149,0.16014,0.1606,0.15968,0.1606,7874949.5252325
"637",2017-08-19,0.1616,0.14738,0.154125,0.154,0.154,0.15425,8895812.3623306
"638",2017-08-18,0.17147,0.1511,0.156455,0.15701,0.1559,0.15701,14995992.077857
"639",2017-08-17,0.16119,0.15351,0.15953,0.15998,0.1591,0.15996,7412207.8879054
"640",2017-08-16,0.15975,0.14818,0.158105,0.15831,0.1579,0.15831,12070024.780721
"641",2017-08-15,0.16877,0.15179,0.156915,0.15653,0.15652,0.15731,10843519.465937
"642",2017-08-14,0.18049,0.16432,0.16741,0.167,0.167,0.16782,6326153.2242935
"643",2017-08-13,0.17404,0.15844,0.16591,0.16643,0.16543,0.16639,8579786.5612039
"644",2017-08-12,0.18246,0.17127,0.17281,0.172,0.17199,0.17363,7279981.5110617
"645",2017-08-11,0.185,0.17546,0.17855,0.17946,0.1781,0.179,10266217.630605
"646",2017-08-10,0.18521,0.1777,0.18068,0.1804,0.18033,0.18103,4788479.7907359
"647",2017-08-09,0.19609,0.18,0.182415,0.18237,0.18237,0.18246,6646946.4425606
"648",2017-08-08,0.19908,0.17631,0.192685,0.19253,0.1925,0.19287,11239340.893988
"649",2017-08-07,0.18228,0.1759,0.179115,0.1791,0.1791,0.17913,6329010.4828696
"650",2017-08-06,0.1895,0.17804,0.18107,0.18056,0.18057,0.18157,3637879.8825414
"651",2017-08-05,0.192,0.17147,0.184305,0.18492,0.18372,0.18489,9005163.8827267
"652",2017-08-04,0.177,0.17075,0.17369,0.17369,0.17368,0.1737,3306172.2359223
"653",2017-08-03,0.17773,0.16927,0.17629,0.1765,0.17581,0.17677,2991940.4692066
"654",2017-08-02,0.18,0.16808,0.1722,0.17269,0.1718,0.1726,5979180.0607296
"655",2017-08-01,0.18496,0.1586,0.177505,0.17798,0.17725,0.17776,6861328.9364952
"656",2017-07-31,0.168,0.15812,0.164405,0.1649,0.16372,0.16509,2657046.0365728
"657",2017-07-30,0.17194,0.161,0.16244,0.16201,0.162,0.16288,2324130.9186057
"658",2017-07-29,0.16875,0.15429,0.164055,0.1641,0.164,0.16411,2160817.7393554
"659",2017-07-28,0.17409,0.15608,0.16165,0.161,0.1611,0.1622,3577789.8800963
"660",2017-07-27,0.17575,0.16889,0.173895,0.17421,0.17324,0.17455,2450134.4022384
"661",2017-07-26,0.179,0.16409,0.1722,0.17237,0.17194,0.17246,3564416.8271744
"662",2017-07-25,0.19356,0.16633,0.17238,0.17265,0.17142,0.17334,5805657.7412767
"663",2017-07-24,0.19881,0.19,0.191955,0.1915,0.1915,0.19241,2519523.627906
"664",2017-07-23,0.20743,0.1865,0.19642,0.19722,0.19584,0.197,6551203.8318038
"665",2017-07-22,0.20199,0.18101,0.198845,0.199,0.19869,0.199,5105894.3828469
"666",2017-07-21,0.19575,0.18187,0.18583,0.187,0.18485,0.18681,4093768.8593411
"667",2017-07-20,0.19324,0.15752,0.19265,0.19324,0.192,0.1933,5073410.4970815
"668",2017-07-19,0.184,0.15854,0.163885,0.16332,0.16336,0.16441,3693457.8313974
"669",2017-07-18,0.1853,0.16,0.178405,0.17601,0.17604,0.18077,4124902.2776626
"670",2017-07-17,0.17072,0.14337,0.16905,0.1689,0.1689,0.1692,8194295.0437492
"671",2017-07-16,0.17585,0.129,0.14781,0.14821,0.14724,0.14838,13688437.342511
"672",2017-07-15,0.18397,0.17167,0.17532,0.17468,0.17472,0.17592,3639999.8417008
"673",2017-07-14,0.19355,0.17254,0.17964,0.17988,0.1794,0.17988,3293569.0098012
"674",2017-07-13,0.21718,0.1785,0.19037,0.1909,0.18984,0.1909,3709969.7303712
"675",2017-07-12,0.19295,0.16102,0.189195,0.18859,0.18907,0.18932,7412627.9910193
"676",2017-07-11,0.19662,0.148,0.176425,0.17749,0.17538,0.17747,15916358.326022
"677",2017-07-10,0.22714,0.192,0.192575,0.192,0.192,0.19315,4385435.6719369
"678",2017-07-09,0.24255,0.2237,0.224765,0.225,0.22454,0.22499,1238555.6210482
"679",2017-07-08,0.23212,0.209,0.227675,0.22686,0.22687,0.22848,3815277.9836716
"680",2017-07-07,0.2509,0.2276,0.22894,0.228,0.228,0.22988,3431519.6717663
"681",2017-07-06,0.25168,0.2463,0.249315,0.24983,0.24874,0.24989,1528399.9150651
"682",2017-07-05,0.25515,0.2422,0.251315,0.25203,0.25097,0.25166,2080113.5916779
"683",2017-07-04,0.25653,0.24453,0.245225,0.24477,0.24478,0.24567,1862230.0759694
"684",2017-07-03,0.2561,0.24086,0.2524,0.25245,0.25235,0.25245,3115971.5089821
"685",2017-07-02,0.2455,0.22901,0.24459,0.24536,0.24387,0.24531,1196625.0179545
"686",2017-07-01,0.2451,0.2259,0.23021,0.23131,0.22935,0.23107,1686505.9955003
"687",2017-06-30,0.2581,0.24412,0.24523,0.24412,0.24412,0.24634,2169778.073192
"688",2017-06-29,0.26645,0.242,0.25252,0.25252,0.25181,0.25323,2206429.8365373
"689",2017-06-28,0.26345,0.24379,0.261245,0.2618,0.26069,0.2618,3255989.5573045
"690",2017-06-27,0.254,0.216,0.252975,0.25298,0.25297,0.25298,5020805.3232454
"691",2017-06-26,0.26195,0.219,0.241535,0.2429,0.24025,0.24282,7271234.9391144
"692",2017-06-25,0.27675,0.24596,0.254175,0.25594,0.25331,0.25504,2988243.1759873
"693",2017-06-24,0.2998,0.2612,0.26921,0.27046,0.26801,0.27041,3779780.4168201
"694",2017-06-23,0.29239,0.27324,0.29137,0.29179,0.29084,0.2919,3203485.0508436
"695",2017-06-22,0.27746,0.25823,0.27435,0.2754,0.2735,0.2752,2461636.0337397
"696",2017-06-21,0.31245,0.25201,0.26254,0.26369,0.2612,0.26388,4953138.4709765
"697",2017-06-20,0.3237,0.26721,0.312015,0.31225,0.31104,0.31299,9198723.3390441
"698",2017-06-19,0.26995,0.25806,0.268145,0.26824,0.26799,0.2683,2113922.3062228
"699",2017-06-18,0.27637,0.24347,0.260975,0.26188,0.26013,0.26182,4051277.3576156
"700",2017-06-17,0.26195,0.23475,0.261415,0.2609,0.2609,0.26193,3873940.2476559
"701",2017-06-16,0.25024,0.22514,0.24334,0.24398,0.24272,0.24396,2251397.9268891
"702",2017-06-15,0.26097,0.20347,0.243655,0.24362,0.24337,0.24394,3955960.4381959
"703",2017-06-14,0.29554,0.24249,0.25168,0.25297,0.25036,0.253,7730178.258524
"704",2017-06-13,0.27544,0.23406,0.25652,0.25739,0.25565,0.25739,4131825.0352722
"705",2017-06-12,0.2826,0.22001,0.237385,0.237,0.237,0.23777,8665651.4522835
"706",2017-06-11,0.27189,0.24987,0.26902,0.26995,0.26809,0.26995,4762675.794147
"707",2017-06-10,0.2837,0.25233,0.256165,0.25464,0.2555,0.25683,4451703.8263076
"708",2017-06-09,0.2945,0.28068,0.28184,0.28274,0.28095,0.28273,2350574.4385728
"709",2017-06-08,0.29576,0.26482,0.284685,0.28562,0.28384,0.28553,2400846.4395177
"710",2017-06-07,0.29849,0.26839,0.27334,0.27244,0.27244,0.27424,3475284.4459108
"711",2017-06-06,0.28988,0.26933,0.27846,0.27937,0.27745,0.27947,6843196.6695156
"712",2017-06-05,0.29286,0.27849,0.284225,0.28471,0.28379,0.28466,1943249.0028331
"713",2017-06-04,0.30249,0.26015,0.282515,0.28314,0.28173,0.2833,4644449.7439037
"714",2017-06-03,0.295,0.26016,0.26409,0.26405,0.2636,0.26458,3283983.3741034
"715",2017-06-02,0.3291,0.26394,0.28955,0.2904,0.2891,0.29,7098320.9547143
"716",2017-06-01,0.3182,0.23069,0.31734,0.31699,0.317,0.31768,14986848.255085
"717",2017-05-31,0.244,0.17869,0.233315,0.23316,0.23279,0.23384,6305853.4165444
"718",2017-05-30,0.23128,0.19305,0.197885,0.19819,0.19615,0.19962,4003186.0435346
"719",2017-05-29,0.23795,0.20194,0.224165,0.22311,0.2231,0.22523,3887445.4422517
"720",2017-05-28,0.23438,0.19,0.21829,0.21785,0.21681,0.21977,5971012.8277852
"721",2017-05-27,0.272,0.1445,0.20172,0.20153,0.20152,0.20192,9317287.5680807
"722",2017-05-26,0.32126,0.23,0.25166,0.25375,0.24925,0.25407,6995675.5192389
"723",2017-05-25,0.296,0.22899,0.25105,0.25162,0.25048,0.25162,7709762.8404965
"724",2017-05-24,0.33304,0.2819,0.2901,0.29187,0.28833,0.29187,4123731.0360159
"725",2017-05-23,0.34991,0.28016,0.321925,0.3209,0.32001,0.32384,3257694.0557113
"726",2017-05-22,0.3358,0.25,0.282745,0.28001,0.28001,0.28548,6383963.7951677
"727",2017-05-21,0.36998,0.32102,0.33206,0.33345,0.33008,0.33404,2630999.2182922
"728",2017-05-20,0.37199,0.2911,0.348465,0.34689,0.347,0.34993,3780992.6554341
"729",2017-05-19,0.37999,0.25,0.32691,0.318,0.318,0.33582,1885917.913897
